50 30 0 -858993460 
 -858993460 -858993460 -858993460 
 -858993460 -858993460 -858993460 
 -858993460 -858993460 -858993460 
 -858993460 -858993460 -858993460 
 -858993460 -858993460 -858993460 
 -858993460 -858993460 -858993460 
 -858993460 -858993460 -858993460 
 -858993460 -858993460 -858993460 
 -858993460 -858993460 -858993460 
 -858993460 -858993460 -858993460 
 -858993460 -858993460 -858993460 
 -858993460 -858993460 -858993460 
 -858993460 -858993460 -858993460 
 -858993460 -858993460 -858993460 
 -858993460 -858993460 -858993460 
 -858993460 -858993460 -858993460 
 -858993460 -858993460 -858993460 
 -858993460 -858993460 -858993460 
 -858993460 -858993460 -858993460 
 -858993460 -858993460 -858993460 
 -858993460 -858993460 -858993460 
 -858993460 -858993460 -858993460 
 -858993460 -858993460 -858993460 
 -858993460 -858993460 -858993460 
 -858993460 -858993460 -858993460 
 -858993460 -858993460 -858993460 
 -858993460 -858993460 -858993460 
 -858993460 -858993460 -858993460 
 -858993460 -858993460 -858993460 
 -858993460 -858993460 -858993460 
 -858993460 -858993460 -858993460 
 -858993460 -858993460 -858993460 
 -858993460 -858993460 -858993460 
 -858993460 -858993460 -858993460 
 -858993460 -858993460 -858993460 
 -858993460 -858993460 -858993460 
 -858993460 -858993460 -858993460 
 -858993460 -858993460 -858993460 
 -858993460 -858993460 -858993460 
 -858993460 -858993460 -858993460 
 -858993460 -858993460 -858993460 
 -858993460 -858993460 -858993460 
 -858993460 -858993460 -858993460 
 -858993460 -858993460 -858993460 
 -858993460 -858993460 -858993460 
 -858993460 -858993460 -858993460 
 -858993460 -858993460 -858993460 
 -858993460 -858993460 -858993460 
 -858993460 -858993460 -858993460 
hulululu 12 34 12 
